4294967279,314
4294967278,313
4294967278,312
4294967294,1360
4294967294,1359
4294967294,1178
4294967294,187
4294967278,311
4294967278,310
4294967279,313
4294967279,312
4294967278,309
4294967278,308
4294967279,311
16,6
16,5
16,4
16,3
16,2
16,1
4294967279,310
4294967294,430
15,4
15,3
15,2
15,1
4294967279,309
4294967278,307
4294967279,308
4294967279,307
4294967278,306
4294967279,306
4294967278,305
4294967278,304
4294967279,305
14,6
14,5
14,4
14,3
14,2
14,1
4294967278,303
13,4
13,3
13,2
13,1
4294967278,302
12,5
12,4
12,3
12,2
12,1
4294967279,304
11,4
11,3
11,2
11,1
4294967279,303
4294967278,301
4294967279,302
4294967278,300
4294967278,299
4294967279,301
4294967279,300
4294967278,298
4294967278,297
10,6
10,5
10,4
10,3
10,2
10,1
4294967278,296
9,6
9,5
9,4
9,3
9,2
9,1
4294967294,1358
4294967294,438
8,4
8,3
8,2
8,1
4294967294,472
4294967278,294
4294967293,131
4294967293,130
4294967293,129
4294967293,128
4294967293,127
4294967293,126
4294967293,125
4294967293,124
4294967293,123
4294967293,122
4294967293,121
4294967293,120
4294967293,119
4294967293,118
4294967293,117
4294967293,116
4294967293,115
4294967293,114
4294967293,113
4294967293,112
4294967293,111
4294967293,110
4294967293,109
4294967293,108
4294967293,107
4294967293,106
4294967293,105
4294967293,104
4294967293,103
4294967293,102
4294967293,101
4294967293,100
4294967293,99
4294967293,98
4294967293,97
4294967293,96
4294967293,95
4294967293,94
4294967293,93
4294967293,92
4294967293,91
4294967293,90
4294967293,89
4294967293,88
4294967293,87
4294967293,86
4294967293,85
4294967293,84
4294967293,83
4294967293,82
4294967293,81
4294967293,80
4294967293,79
4294967293,78
4294967293,77
4294967293,76
4294967293,75
4294967293,74
4294967293,73
4294967293,72
4294967293,71
4294967293,70
4294967293,69
4294967293,68
4294967293,67
4294967293,66
4294967293,65
4294967293,64
4294967293,63
4294967293,62
4294967293,61
4294967293,60
4294967293,59
4294967293,58
4294967293,57
4294967293,56
4294967293,55
4294967293,54
4294967293,53
4294967293,52
4294967293,51
4294967293,50
4294967293,49
4294967293,48
4294967293,47
4294967293,46
4294967293,45
4294967293,44
4294967293,43
4294967293,42
4294967293,41
4294967293,40
4294967293,39
4294967293,38
4294967293,37
4294967293,36
4294967293,35
4294967293,34
4294967293,33
4294967293,32
4294967293,31
4294967293,30
4294967293,29
4294967293,28
4294967293,27
4294967293,26
4294967293,25
4294967293,24
4294967293,23
4294967293,22
4294967293,21
4294967293,20
4294967293,19
4294967293,18
4294967293,17
4294967293,16
4294967293,15
4294967293,14
4294967293,13
4294967293,12
4294967293,11
4294967293,10
4294967293,9
4294967293,8
4294967293,7
4294967293,6
4294967293,5
4294967293,4
4294967293,3
4294967293,2
4243767290,0
4243767289,0
4243767288,0
4243767287,0
4243767286,0
4243767285,0
4243767284,0
4243767283,0
4243767282,0
4243767281,0
4294967293,0
4294967279,30
4294967279,31
4294967279,144
4294967279,298
4294967279,32
4294967279,145
4294967279,147
4294967279,146
4294967279,148
4294967279,33
4294967279,34
4294967279,35
4294967279,36
4294967279,150
4294967279,152
4294967279,149
4294967279,151
4294967279,37
4294967279,38
4294967279,39
4294967279,40
4294967279,153
4294967279,154
4294967279,155
4294967279,158
4294967279,41
4294967279,42
4294967279,43
4294967279,157
4294967279,156
4294967279,159
4294967279,44
4294967279,45
4294967279,160
4294967279,46
4294967279,161
4294967279,47
4294967279,163
4294967279,162
4294967279,48
4294967279,49
4294967279,50
4294967279,164
4294967279,165
4294967279,166
4294967279,167
4294967279,51
4294967279,52
4294967279,53
4294967279,54
4294967279,168
